10
29.713985060066467,-95.42364939882658
29.713910380199398,-95.42364939886114
29.71383570033233,-95.42364939889572
29.71376102046526,-95.42364939893028
29.71368634059819,-95.42364939896484
29.71361166073112,-95.4236493989994
29.713536980864053,-95.42364939903396
29.713462300996984,-95.42364939906852
29.713387621129915,-95.42364939910308
29.713312941262846,-95.42364939913766
29.713238261395777,-95.42364939917222
29.713163581528708,-95.42364939920678
29.71308890166164,-95.42364939924136
29.71301422179457,-95.42364939927592
29.7129395419275,-95.42364939931048
29.71286486206043,-95.42364939934504
29.712790182193363,-95.4236493993796
29.712715502326294,-95.42364939941416
29.712640822459225,-95.42364939944872
29.712566142592156,-95.42364939948328
29.712491462725087,-95.42364939951784
29.712416782858018,-95.4236493995524
29.71234210299095,-95.42364939958696
29.71226742312388,-95.42364939962152
29.71219274325681,-95.42364939965609
29.71211806338974,-95.42364939969065
29.712043383522673,-95.4236493997252
29.711968703655604,-95.42364939975977
29.711968703655604,-95.42356259938302
29.712043383522673,-95.42356259934846
29.71211806338974,-95.4235625993139
29.71219274325681,-95.42356259927934
29.71226742312388,-95.42356259924478
29.71234210299095,-95.42356259921021
29.712416782858018,-95.42356259917565
29.712491462725087,-95.42356259914109
29.712566142592156,-95.42356259910653
29.712640822459225,-95.42356259907197
29.712715502326294,-95.4235625990374
29.712790182193363,-95.42356259900284
29.71286486206043,-95.42356259896827
29.7129395419275,-95.42356259893371
29.71301422179457,-95.42356259889914
29.71308890166164,-95.42356259886458
29.713163581528708,-95.42356259883002
29.713238261395777,-95.42356259879546
29.713312941262846,-95.4235625987609
29.713387621129915,-95.42356259872633
29.713462300996984,-95.42356259869177
29.713536980864053,-95.42356259865721
29.71361166073112,-95.42356259862265
29.71368634059819,-95.42356259858808
29.71376102046526,-95.42356259855352
29.71383570033233,-95.42356259851894
29.713910380199398,-95.42356259848438
29.713985060066467,-95.42356259844982
29.713985060066467,-95.42347579606843
29.713910380199398,-95.42347579610299
29.71383570033233,-95.42347579613755
29.71376102046526,-95.42347579617211
29.71368634059819,-95.42347579620669
29.71361166073112,-95.42347579624125
29.713536980864053,-95.42347579627582
29.713462300996984,-95.42347579631038
29.713387621129915,-95.42347579634495
29.713312941262846,-95.4234757963795
29.713238261395777,-95.42347579641407
29.713163581528708,-95.42347579644863
29.71308890166164,-95.42347579648319
29.71301422179457,-95.42347579651775
29.7129395419275,-95.42347579655231
29.71286486206043,-95.42347579658689
29.712790182193363,-95.42347579662145
29.712715502326294,-95.423475796656
29.712640822459225,-95.42347579669057
29.712566142592156,-95.42347579672514
29.712491462725087,-95.4234757967597
29.712416782858018,-95.42347579679426
29.71234210299095,-95.42347579682882
29.71226742312388,-95.42347579686339
29.71219274325681,-95.42347579689795
29.71211806338974,-95.42347579693251
29.712043383522673,-95.42347579696707
29.711968703655604,-95.42347579700163
29.711968703655604,-95.42338899662485
29.712043383522673,-95.42338899659029
29.71211806338974,-95.42338899655573
29.71219274325681,-95.42338899652117
29.71226742312388,-95.42338899648661
29.71234210299095,-95.42338899645205
29.712416782858018,-95.42338899641749
29.712491462725087,-95.42338899638293
29.712566142592156,-95.42338899634836
29.712640822459225,-95.4233889963138
29.712715502326294,-95.42338899627924
29.712790182193363,-95.42338899624468
29.71286486206043,-95.42338899621012
29.7129395419275,-95.42338899617556
29.71301422179457,-95.423388996141
29.71308890166164,-95.42338899610644
29.713163581528708,-95.42338899607188
29.713238261395777,-95.4233889960373
29.713312941262846,-95.42338899600274
29.713387621129915,-95.42338899596818
29.713462300996984,-95.4233889959336
29.713536980864053,-95.42338899589905
29.71361166073112,-95.42338899586449
29.71368634059819,-95.42338899582992
29.71376102046526,-95.42338899579536
29.71383570033233,-95.4233889957608
29.713910380199398,-95.42338899572624
29.713985060066467,-95.42338899569167
29.713985060066467,-95.42330219331028
29.713910380199398,-95.42330219334484
29.71383570033233,-95.42330219337941
29.71376102046526,-95.42330219341397
29.71368634059819,-95.42330219344854
29.71361166073112,-95.4233021934831
29.713536980864053,-95.42330219351766
29.713462300996984,-95.42330219355222
29.713387621129915,-95.42330219358678
29.713312941262846,-95.42330219362135
29.713238261395777,-95.42330219365591
29.713163581528708,-95.42330219369047
29.71308890166164,-95.42330219372505
29.71301422179457,-95.42330219375961
29.7129395419275,-95.42330219379417
29.71286486206043,-95.42330219382873
29.712790182193363,-95.4233021938633
29.712715502326294,-95.42330219389785
29.712640822459225,-95.42330219393241
29.712566142592156,-95.42330219396698
29.712491462725087,-95.42330219400154
29.712416782858018,-95.4233021940361
29.71234210299095,-95.42330219407066
29.71226742312388,-95.42330219410522
29.71219274325681,-95.42330219413978
29.71211806338974,-95.42330219417434
29.712043383522673,-95.4233021942089
29.711968703655604,-95.42330219424346
29.711968703655604,-95.42321539386671
29.712043383522673,-95.42321539383215
29.71211806338974,-95.42321539379759
29.71219274325681,-95.42321539376303
29.71226742312388,-95.42321539372847
29.71234210299095,-95.42321539369391
29.712416782858018,-95.42321539365935
29.712491462725087,-95.42321539362479
29.712566142592156,-95.42321539359023
29.712640822459225,-95.42321539355567
29.712715502326294,-95.42321539352109
29.712790182193363,-95.42321539348653
29.71286486206043,-95.42321539345197
29.7129395419275,-95.42321539341741
29.71301422179457,-95.42321539338283
29.71308890166164,-95.42321539334827
29.713163581528708,-95.42321539331371
29.713238261395777,-95.42321539327915
29.713312941262846,-95.42321539324459
29.713387621129915,-95.42321539321003
29.713462300996984,-95.42321539317547
29.713536980864053,-95.42321539314091
29.71361166073112,-95.42321539310635
29.71368634059819,-95.42321539307177
29.71376102046526,-95.42321539303721
29.71383570033233,-95.42321539300264
29.713910380199398,-95.42321539296807
29.713985060066467,-95.42321539293351
29.713985060066467,-95.42312859055212
29.713910380199398,-95.42312859058669
29.71383570033233,-95.42312859062125
29.71376102046526,-95.4231285906558
29.71368634059819,-95.42312859069038
29.71361166073112,-95.42312859072494
29.713536980864053,-95.42312859075952
29.713462300996984,-95.42312859079408
29.713387621129915,-95.42312859082864
29.713312941262846,-95.4231285908632
29.713238261395777,-95.42312859089776
29.713163581528708,-95.42312859093232
29.71308890166164,-95.42312859096688
29.71301422179457,-95.42312859100144
29.7129395419275,-95.423128591036
29.71286486206043,-95.42312859107058
29.712790182193363,-95.42312859110514
29.712715502326294,-95.4231285911397
29.712640822459225,-95.42312859117426
29.712566142592156,-95.42312859120884
29.712491462725087,-95.4231285912434
29.712416782858018,-95.42312859127796
29.71234210299095,-95.42312859131252
29.71226742312388,-95.42312859134708
29.71219274325681,-95.42312859138164
29.71211806338974,-95.4231285914162
29.712043383522673,-95.42312859145076
29.711968703655604,-95.42312859148532
29.711968703655604,-95.42304179110855
29.712043383522673,-95.42304179107398
29.71211806338974,-95.42304179103942
29.71219274325681,-95.42304179100486
29.71226742312388,-95.4230417909703
29.71234210299095,-95.42304179093574
29.712416782858018,-95.42304179090118
29.712491462725087,-95.42304179086662
29.712566142592156,-95.42304179083206
29.712640822459225,-95.4230417907975
29.712715502326294,-95.42304179076294
29.712790182193363,-95.42304179072838
29.71286486206043,-95.42304179069382
29.7129395419275,-95.42304179065925
29.71301422179457,-95.4230417906247
29.71308890166164,-95.42304179059013
29.713163581528708,-95.42304179055557
29.713238261395777,-95.423041790521
29.713312941262846,-95.42304179048644
29.713387621129915,-95.42304179045188
29.713462300996984,-95.4230417904173
29.713536980864053,-95.42304179038274
29.71361166073112,-95.42304179034818
29.71368634059819,-95.42304179031362
29.71376102046526,-95.42304179027906
29.71383570033233,-95.4230417902445
29.713910380199398,-95.42304179020994
29.713985060066467,-95.42304179017536
29.713985060066467,-95.42295498779397
29.713910380199398,-95.42295498782853
29.71383570033233,-95.42295498786311
29.71376102046526,-95.42295498789767
29.71368634059819,-95.42295498793223
29.71361166073112,-95.42295498796679
29.713536980864053,-95.42295498800135
29.713462300996984,-95.42295498803591
29.713387621129915,-95.42295498807047
29.713312941262846,-95.42295498810505
29.713238261395777,-95.42295498813961
29.713163581528708,-95.42295498817417
29.71308890166164,-95.42295498820874
29.71301422179457,-95.4229549882433
29.7129395419275,-95.42295498827787
29.71286486206043,-95.42295498831243
29.712790182193363,-95.42295498834699
29.712715502326294,-95.42295498838155
29.712640822459225,-95.42295498841611
29.712566142592156,-95.42295498845067
29.712491462725087,-95.42295498848523
29.712416782858018,-95.42295498851979
29.71234210299095,-95.42295498855435
29.71226742312388,-95.42295498858891
29.71219274325681,-95.42295498862347
29.71211806338974,-95.42295498865803
29.712043383522673,-95.4229549886926
29.711968703655604,-95.42295498872716
29.711968703655604,-95.4228681883504
29.712043383522673,-95.42286818831585
29.71211806338974,-95.42286818828129
29.71219274325681,-95.42286818824672
29.71226742312388,-95.42286818821216
29.71234210299095,-95.4228681881776
29.712416782858018,-95.42286818814304
29.712491462725087,-95.42286818810848
29.712566142592156,-95.42286818807392
29.712640822459225,-95.42286818803936
29.712715502326294,-95.42286818800478
29.712790182193363,-95.42286818797022
29.71286486206043,-95.42286818793566
29.7129395419275,-95.4228681879011
29.71301422179457,-95.42286818786653
29.71308890166164,-95.42286818783197
29.713163581528708,-95.4228681877974
29.713238261395777,-95.42286818776284
29.713312941262846,-95.42286818772828
29.713387621129915,-95.42286818769372
29.713462300996984,-95.42286818765916
29.713536980864053,-95.4228681876246
29.71361166073112,-95.42286818759004
29.71368634059819,-95.42286818755547
29.71376102046526,-95.4228681875209
29.71383570033233,-95.42286818748633
29.713910380199398,-95.42286818745177
29.713985060066467,-95.42286818741721
29.713985060066467,-95.42278138503582
29.713910380199398,-95.42278138507038
29.71383570033233,-95.42278138510494
29.71376102046526,-95.4227813851395
29.71368634059819,-95.42278138517408
29.71361166073112,-95.42278138520864
29.713536980864053,-95.42278138524321
29.713462300996984,-95.42278138527777
29.713387621129915,-95.42278138531233
29.713312941262846,-95.4227813853469
29.713238261395777,-95.42278138538146
29.713163581528708,-95.42278138541602
29.71308890166164,-95.42278138545058
29.71301422179457,-95.42278138548514
29.7129395419275,-95.4227813855197
29.71286486206043,-95.42278138555427
29.712790182193363,-95.42278138558883
29.712715502326294,-95.4227813856234
29.712640822459225,-95.42278138565796
29.712566142592156,-95.42278138569253
29.712491462725087,-95.42278138572709
29.712416782858018,-95.42278138576165
29.71234210299095,-95.42278138579621
29.71226742312388,-95.42278138583077
29.71219274325681,-95.42278138586533
29.71211806338974,-95.4227813858999
29.712043383522673,-95.42278138593446
29.711968703655604,-95.42278138596902
29.711968703655604,-95.42269458559224
29.712043383522673,-95.42269458555768
29.71211806338974,-95.42269458552312
29.71219274325681,-95.42269458548856
29.71226742312388,-95.422694585454
29.71234210299095,-95.42269458541944
29.712416782858018,-95.42269458538487
29.712491462725087,-95.42269458535031
29.712566142592156,-95.42269458531575
29.712640822459225,-95.42269458528119
29.712715502326294,-95.42269458524663
29.712790182193363,-95.42269458521207
29.71286486206043,-95.42269458517751
29.7129395419275,-95.42269458514295
29.71301422179457,-95.42269458510839
29.71308890166164,-95.42269458507383
29.713163581528708,-95.42269458503927
29.713238261395777,-95.42269458500469
29.713312941262846,-95.42269458497013
29.713387621129915,-95.42269458493557
29.713462300996984,-95.422694584901
29.713536980864053,-95.42269458486643
29.71361166073112,-95.42269458483187
29.71368634059819,-95.42269458479731
29.71376102046526,-95.42269458476275
29.71383570033233,-95.42269458472819
29.713910380199398,-95.42269458469363
29.713985060066467,-95.42269458465906
29.713985060066467,-95.42260778227767
29.713910380199398,-95.42260778231223
29.71383570033233,-95.4226077823468
29.71376102046526,-95.42260778238136
29.71368634059819,-95.42260778241592
29.71361166073112,-95.42260778245048
29.713536980864053,-95.42260778248504
29.713462300996984,-95.4226077825196
29.713387621129915,-95.42260778255417
29.713312941262846,-95.42260778258874
29.713238261395777,-95.4226077826233
29.713163581528708,-95.42260778265786
29.71308890166164,-95.42260778269244
29.71301422179457,-95.422607782727
29.7129395419275,-95.42260778276156
29.71286486206043,-95.42260778279612
29.712790182193363,-95.42260778283068
29.712715502326294,-95.42260778286524
29.712640822459225,-95.4226077828998
29.712566142592156,-95.42260778293436
29.712491462725087,-95.42260778296892
29.712416782858018,-95.42260778300349
29.71234210299095,-95.42260778303805
29.71226742312388,-95.4226077830726
29.71219274325681,-95.42260778310717
29.71211806338974,-95.42260778314173
29.712043383522673,-95.42260778317629
29.711968703655604,-95.42260778321085
29.711968703655604,-95.4225209828341
29.712043383522673,-95.42252098279954
29.71211806338974,-95.42252098276498
29.71219274325681,-95.42252098273042
29.71226742312388,-95.42252098269586
29.71234210299095,-95.4225209826613
29.712416782858018,-95.42252098262674
29.712491462725087,-95.42252098259218
29.712566142592156,-95.42252098255761
29.712640822459225,-95.42252098252305
29.712715502326294,-95.42252098248848
29.712790182193363,-95.42252098245392
29.71286486206043,-95.42252098241936
29.7129395419275,-95.4225209823848
29.71301422179457,-95.42252098235022
29.71308890166164,-95.42252098231566
29.713163581528708,-95.4225209822811
29.713238261395777,-95.42252098224654
29.713312941262846,-95.42252098221198
29.713387621129915,-95.42252098217742
29.713462300996984,-95.42252098214286
29.713536980864053,-95.4225209821083
29.71361166073112,-95.42252098207373
29.71368634059819,-95.42252098203916
29.71376102046526,-95.4225209820046
29.71383570033233,-95.42252098197002
29.713910380199398,-95.42252098193546
29.713985060066467,-95.4225209819009
29.713985060066467,-95.42243417951951
29.713910380199398,-95.42243417955407
29.71383570033233,-95.42243417958863
29.71376102046526,-95.4224341796232
29.71368634059819,-95.42243417965777
29.71361166073112,-95.42243417969233
29.713536980864053,-95.4224341797269
29.713462300996984,-95.42243417976147
29.713387621129915,-95.42243417979603
29.713312941262846,-95.42243417983059
29.713238261395777,-95.42243417986515
29.713163581528708,-95.42243417989971
29.71308890166164,-95.42243417993427
29.71301422179457,-95.42243417996883
29.7129395419275,-95.42243418000339
29.71286486206043,-95.42243418003797
29.712790182193363,-95.42243418007253
29.712715502326294,-95.42243418010709
29.712640822459225,-95.42243418014165
29.712566142592156,-95.42243418017623
29.712491462725087,-95.42243418021079
29.712416782858018,-95.42243418024535
29.71234210299095,-95.42243418027991
29.71226742312388,-95.42243418031447
29.71219274325681,-95.42243418034903
29.71211806338974,-95.42243418038359
29.712043383522673,-95.42243418041815
29.711968703655604,-95.42243418045271
29.711968703655604,-95.42234738007593
29.712043383522673,-95.42234738004137
29.71211806338974,-95.42234738000681
29.71219274325681,-95.42234737997225
29.71226742312388,-95.42234737993769
29.71234210299095,-95.42234737990313
29.712416782858018,-95.42234737986857
29.712491462725087,-95.42234737983401
29.712566142592156,-95.42234737979945
29.712640822459225,-95.42234737976489
29.712715502326294,-95.42234737973033
29.712790182193363,-95.42234737969576
29.71286486206043,-95.4223473796612
29.7129395419275,-95.42234737962664
29.71301422179457,-95.42234737959208
29.71308890166164,-95.42234737955752
29.713163581528708,-95.42234737952296
29.713238261395777,-95.42234737948839
29.713312941262846,-95.42234737945383
29.713387621129915,-95.42234737941926
29.713462300996984,-95.42234737938469
29.713536980864053,-95.42234737935013
29.71361166073112,-95.42234737931557
29.71368634059819,-95.422347379281
29.71376102046526,-95.42234737924645
29.71383570033233,-95.42234737921189
29.713910380199398,-95.42234737917732
29.713985060066467,-95.42234737914275
29.713985060066467,-95.42226057676136
29.713910380199398,-95.42226057679592
29.71383570033233,-95.4222605768305
29.71376102046526,-95.42226057686506
29.71368634059819,-95.42226057689962
29.71361166073112,-95.42226057693418
29.713536980864053,-95.42226057696874
29.713462300996984,-95.4222605770033
29.713387621129915,-95.42226057703786
29.713312941262846,-95.42226057707244
29.713238261395777,-95.422260577107
29.713163581528708,-95.42226057714156
29.71308890166164,-95.42226057717613
29.71301422179457,-95.4222605772107
29.7129395419275,-95.42226057724525
29.71286486206043,-95.42226057727981
29.712790182193363,-95.42226057731438
29.712715502326294,-95.42226057734894
29.712640822459225,-95.4222605773835
29.712566142592156,-95.42226057741806
29.712491462725087,-95.42226057745262
29.712416782858018,-95.42226057748718
29.71234210299095,-95.42226057752174
29.71226742312388,-95.4222605775563
29.71219274325681,-95.42226057759086
29.71211806338974,-95.42226057762542
29.712043383522673,-95.42226057765998
29.711968703655604,-95.42226057769454
29.711968703655604,-95.4221737773178
29.712043383522673,-95.42217377728323
29.71211806338974,-95.42217377724867
29.71219274325681,-95.42217377721411
29.71226742312388,-95.42217377717955
29.71234210299095,-95.42217377714499
29.712416782858018,-95.42217377711043
29.712491462725087,-95.42217377707587
29.712566142592156,-95.42217377704131
29.712640822459225,-95.42217377700675
29.712715502326294,-95.42217377697217
29.712790182193363,-95.42217377693761
29.71286486206043,-95.42217377690305
29.7129395419275,-95.42217377686849
29.71301422179457,-95.42217377683392
29.71308890166164,-95.42217377679935
29.713163581528708,-95.4221737767648
29.713238261395777,-95.42217377673023
29.713312941262846,-95.42217377669567
29.713387621129915,-95.42217377666111
29.713462300996984,-95.42217377662655
29.713536980864053,-95.42217377659199
29.71361166073112,-95.42217377655743
29.71368634059819,-95.42217377652285
29.71376102046526,-95.4221737764883
29.71383570033233,-95.42217377645372
29.713910380199398,-95.42217377641916
29.713985060066467,-95.4221737763846
29.713985060066467,-95.42208697400321
29.713910380199398,-95.42208697403777
29.71383570033233,-95.42208697407233
29.71376102046526,-95.42208697410689
29.71368634059819,-95.42208697414146
29.71361166073112,-95.42208697417603
29.713536980864053,-95.4220869742106
29.713462300996984,-95.42208697424516
29.713387621129915,-95.42208697427972
29.713312941262846,-95.42208697431428
29.713238261395777,-95.42208697434884
29.713163581528708,-95.4220869743834
29.71308890166164,-95.42208697441797
29.71301422179457,-95.42208697445253
29.7129395419275,-95.42208697448709
29.71286486206043,-95.42208697452166
29.712790182193363,-95.42208697455622
29.712715502326294,-95.42208697459078
29.712640822459225,-95.42208697462534
29.712566142592156,-95.42208697465992
29.712491462725087,-95.42208697469448
29.712416782858018,-95.42208697472904
29.71234210299095,-95.4220869747636
29.71226742312388,-95.42208697479816
29.71219274325681,-95.42208697483272
29.71211806338974,-95.42208697486728
29.712043383522673,-95.42208697490184
29.711968703655604,-95.4220869749364
29.711968703655604,-95.42200017455963
29.712043383522673,-95.42200017452507
29.71211806338974,-95.4220001744905
29.71219274325681,-95.42200017445595
29.71226742312388,-95.42200017442138
29.71234210299095,-95.42200017438682
29.712416782858018,-95.42200017435226
29.712491462725087,-95.4220001743177
29.712566142592156,-95.42200017428314
29.712640822459225,-95.42200017424858
29.712715502326294,-95.42200017421402
29.712790182193363,-95.42200017417946
29.71286486206043,-95.4220001741449
29.7129395419275,-95.42200017411034
29.71301422179457,-95.42200017407578
29.71308890166164,-95.42200017404122
29.713163581528708,-95.42200017400666
29.713238261395777,-95.42200017397208
29.713312941262846,-95.42200017393752
29.713387621129915,-95.42200017390296
29.713462300996984,-95.42200017386838
29.713536980864053,-95.42200017383382
29.71361166073112,-95.42200017379926
29.71368634059819,-95.4220001737647
29.71376102046526,-95.42200017373014
29.71383570033233,-95.42200017369558
29.713910380199398,-95.42200017366102
29.713985060066467,-95.42200017362644
29.713985060066467,-95.42191337124505
29.713910380199398,-95.42191337127962
29.71383570033233,-95.42191337131419
29.71376102046526,-95.42191337134875
29.71368634059819,-95.42191337138331
29.71361166073112,-95.42191337141787
29.713536980864053,-95.42191337145243
29.713462300996984,-95.421913371487
29.713387621129915,-95.42191337152155
29.713312941262846,-95.42191337155613
29.713238261395777,-95.42191337159069
29.713163581528708,-95.42191337162525
29.71308890166164,-95.42191337165983
29.71301422179457,-95.42191337169439
29.7129395419275,-95.42191337172895
29.71286486206043,-95.42191337176351
29.712790182193363,-95.42191337179807
29.712715502326294,-95.42191337183263
29.712640822459225,-95.42191337186719
29.712566142592156,-95.42191337190175
29.712491462725087,-95.42191337193631
29.712416782858018,-95.42191337197087
29.71234210299095,-95.42191337200543
29.71226742312388,-95.42191337204
29.71219274325681,-95.42191337207456
29.71211806338974,-95.42191337210912
29.712043383522673,-95.42191337214368
29.711968703655604,-95.42191337217824
29.711968703655604,-95.42182657180149
29.712043383522673,-95.42182657176693
29.71211806338974,-95.42182657173237
29.71219274325681,-95.4218265716978
29.71226742312388,-95.42182657166325
29.71234210299095,-95.42182657162869
29.712416782858018,-95.42182657159412
29.712491462725087,-95.42182657155956
29.712566142592156,-95.421826571525
29.712640822459225,-95.42182657149044
29.712715502326294,-95.42182657145587
29.712790182193363,-95.4218265714213
29.71286486206043,-95.42182657138675
29.7129395419275,-95.42182657135218
29.71301422179457,-95.42182657131761
29.71308890166164,-95.42182657128305
29.713163581528708,-95.42182657124849
29.713238261395777,-95.42182657121393
29.713312941262846,-95.42182657117937
29.713387621129915,-95.4218265711448
29.713462300996984,-95.42182657111024
29.713536980864053,-95.42182657107568
29.71361166073112,-95.42182657104112
29.71368634059819,-95.42182657100655
29.71376102046526,-95.42182657097199
29.71383570033233,-95.42182657093741
29.713910380199398,-95.42182657090285
29.713985060066467,-95.42182657086829
29.713985060066467,-95.4217397684869
29.713910380199398,-95.42173976852146
29.71383570033233,-95.42173976855602
29.71376102046526,-95.42173976859058
29.71368634059819,-95.42173976862516
29.71361166073112,-95.42173976865972
29.713536980864053,-95.4217397686943
29.713462300996984,-95.42173976872886
29.713387621129915,-95.42173976876342
29.713312941262846,-95.42173976879798
29.713238261395777,-95.42173976883254
29.713163581528708,-95.4217397688671
29.71308890166164,-95.42173976890166
29.71301422179457,-95.42173976893622
29.7129395419275,-95.42173976897078
29.71286486206043,-95.42173976900536
29.712790182193363,-95.42173976903992
29.712715502326294,-95.42173976907448
29.712640822459225,-95.42173976910904
29.712566142592156,-95.42173976914361
29.712491462725087,-95.42173976917817
29.712416782858018,-95.42173976921273
29.71234210299095,-95.4217397692473
29.71226742312388,-95.42173976928186
29.71219274325681,-95.42173976931642
29.71211806338974,-95.42173976935098
29.712043383522673,-95.42173976938554
29.711968703655604,-95.4217397694201
29.711968703655604,-95.42165296904332
29.712043383522673,-95.42165296900876
29.71211806338974,-95.4216529689742
29.71219274325681,-95.42165296893964
29.71226742312388,-95.42165296890508
29.71234210299095,-95.42165296887052
29.712416782858018,-95.42165296883596
29.712491462725087,-95.4216529688014
29.712566142592156,-95.42165296876684
29.712640822459225,-95.42165296873227
29.712715502326294,-95.42165296869771
29.712790182193363,-95.42165296866315
29.71286486206043,-95.42165296862859
29.7129395419275,-95.42165296859403
29.71301422179457,-95.42165296855947
29.71308890166164,-95.42165296852491
29.713163581528708,-95.42165296849035
29.713238261395777,-95.42165296845577
29.713312941262846,-95.42165296842121
29.713387621129915,-95.42165296838665
29.713462300996984,-95.42165296835208
29.713536980864053,-95.42165296831752
29.71361166073112,-95.42165296828296
29.71368634059819,-95.4216529682484
29.71376102046526,-95.42165296821383
29.71383570033233,-95.42165296817927
29.713910380199398,-95.42165296814471
29.713985060066467,-95.42165296811014
29.713985060066467,-95.42156616572875
29.713910380199398,-95.42156616576331
29.71383570033233,-95.42156616579788
29.71376102046526,-95.42156616583244
29.71368634059819,-95.421566165867
29.71361166073112,-95.42156616590157
29.713536980864053,-95.42156616593613
29.713462300996984,-95.42156616597069
29.713387621129915,-95.42156616600525
29.713312941262846,-95.42156616603982
29.713238261395777,-95.42156616607438
29.713163581528708,-95.42156616610895
29.71308890166164,-95.42156616614352
29.71301422179457,-95.42156616617808
29.7129395419275,-95.42156616621264
29.71286486206043,-95.4215661662472
29.712790182193363,-95.42156616628176
29.712715502326294,-95.42156616631632
29.712640822459225,-95.42156616635089
29.712566142592156,-95.42156616638545
29.712491462725087,-95.42156616642
29.712416782858018,-95.42156616645457
29.71234210299095,-95.42156616648913
29.71226742312388,-95.42156616652369
29.71219274325681,-95.42156616655825
29.71211806338974,-95.42156616659281
29.712043383522673,-95.42156616662737
29.711968703655604,-95.42156616666193
29.711968703655604,-95.42147936628518
29.712043383522673,-95.42147936625062
29.71211806338974,-95.42147936621606
29.71219274325681,-95.4214793661815
29.71226742312388,-95.42147936614694
29.71234210299095,-95.42147936611238
29.712416782858018,-95.42147936607782
29.712491462725087,-95.42147936604326
29.712566142592156,-95.4214793660087
29.712640822459225,-95.42147936597414
29.712715502326294,-95.42147936593956
29.712790182193363,-95.421479365905
29.71286486206043,-95.42147936587044
29.7129395419275,-95.42147936583588
29.71301422179457,-95.4214793658013
29.71308890166164,-95.42147936576674
29.713163581528708,-95.42147936573218
29.713238261395777,-95.42147936569762
29.713312941262846,-95.42147936566306
29.713387621129915,-95.4214793656285
29.713462300996984,-95.42147936559394
29.713536980864053,-95.42147936555938
29.71361166073112,-95.42147936552482
29.71368634059819,-95.42147936549024
29.71376102046526,-95.42147936545568
29.71383570033233,-95.4214793654211
29.713910380199398,-95.42147936538655
29.713985060066467,-95.42147936535198
29.713985060066467,-95.4213925629706
29.713910380199398,-95.42139256300516
29.71383570033233,-95.42139256303972
29.71376102046526,-95.42139256307428
29.71368634059819,-95.42139256310885
29.71361166073112,-95.42139256314341
29.713536980864053,-95.42139256317799
29.713462300996984,-95.42139256321255
29.713387621129915,-95.42139256324711
29.713312941262846,-95.42139256328167
29.713238261395777,-95.42139256331623
29.713163581528708,-95.42139256335079
29.71308890166164,-95.42139256338535
29.71301422179457,-95.42139256341991
29.7129395419275,-95.42139256345448
29.71286486206043,-95.42139256348905
29.712790182193363,-95.42139256352361
29.712715502326294,-95.42139256355817
29.712640822459225,-95.42139256359273
29.712566142592156,-95.42139256362731
29.712491462725087,-95.42139256366187
29.712416782858018,-95.42139256369643
29.71234210299095,-95.42139256373099
29.71226742312388,-95.42139256376555
29.71219274325681,-95.42139256380011
29.71211806338974,-95.42139256383467
29.712043383522673,-95.42139256386923
29.711968703655604,-95.4213925639038
29.711968703655604,-95.42130576352702
29.712043383522673,-95.42130576349246
29.71211806338974,-95.4213057634579
29.71219274325681,-95.42130576342333
29.71226742312388,-95.42130576338877
29.71234210299095,-95.42130576335421
29.712416782858018,-95.42130576331965
29.712491462725087,-95.42130576328509
29.712566142592156,-95.42130576325053
29.712640822459225,-95.42130576321597
29.712715502326294,-95.42130576318141
29.712790182193363,-95.42130576314685
29.71286486206043,-95.42130576311229
29.7129395419275,-95.42130576307773
29.71301422179457,-95.42130576304316
29.71308890166164,-95.4213057630086
29.713163581528708,-95.42130576297404
29.713238261395777,-95.42130576293947
29.713312941262846,-95.42130576290491
29.713387621129915,-95.42130576287035
29.713462300996984,-95.42130576283577
29.713536980864053,-95.42130576280121
29.71361166073112,-95.42130576276665
29.71368634059819,-95.42130576273209
29.71376102046526,-95.42130576269753
29.71383570033233,-95.42130576266297
29.713910380199398,-95.4213057626284
29.713985060066467,-95.42130576259383
29.713985060066467,-95.42121896021244
29.713910380199398,-95.421218960247
29.71383570033233,-95.42121896028158
29.71376102046526,-95.42121896031614
29.71368634059819,-95.4212189603507
29.71361166073112,-95.42121896038526
29.713536980864053,-95.42121896041982
29.713462300996984,-95.42121896045438
29.713387621129915,-95.42121896048894
29.713312941262846,-95.42121896052352
29.713238261395777,-95.42121896055808
29.713163581528708,-95.42121896059264
29.71308890166164,-95.42121896062721
29.71301422179457,-95.42121896066178
29.7129395419275,-95.42121896069634
29.71286486206043,-95.4212189607309
29.712790182193363,-95.42121896076546
29.712715502326294,-95.42121896080002
29.712640822459225,-95.42121896083458
29.712566142592156,-95.42121896086914
29.712491462725087,-95.4212189609037
29.712416782858018,-95.42121896093826
29.71234210299095,-95.42121896097282
29.71226742312388,-95.42121896100738
29.71219274325681,-95.42121896104194
29.71211806338974,-95.4212189610765
29.712043383522673,-95.42121896111107
29.711968703655604,-95.42121896114563
29.711968703655604,-95.42113216076888
29.712043383522673,-95.42113216073432
29.71211806338974,-95.42113216069976
29.71219274325681,-95.4211321606652
29.71226742312388,-95.42113216063063
29.71234210299095,-95.42113216059607
29.712416782858018,-95.42113216056151
29.712491462725087,-95.42113216052695
29.712566142592156,-95.42113216049239
29.712640822459225,-95.42113216045783
29.712715502326294,-95.42113216042326
29.712790182193363,-95.4211321603887
29.71286486206043,-95.42113216035413
29.7129395419275,-95.42113216031957
29.71301422179457,-95.421132160285
29.71308890166164,-95.42113216025044
29.713163581528708,-95.42113216021588
29.713238261395777,-95.42113216018132
29.713312941262846,-95.42113216014675
29.713387621129915,-95.4211321601122
29.713462300996984,-95.42113216007763
29.713536980864053,-95.42113216004307
29.71361166073112,-95.42113216000851
29.71368634059819,-95.42113215997394
29.71376102046526,-95.42113215993938
29.71383570033233,-95.4211321599048
29.713910380199398,-95.42113215987024
29.713985060066467,-95.42113215983568
29.713985060066467,-95.42104535745429
29.713910380199398,-95.42104535748885
29.71383570033233,-95.42104535752341
29.71376102046526,-95.42104535755797
29.71368634059819,-95.42104535759255
29.71361166073112,-95.42104535762711
29.713536980864053,-95.42104535766168
29.713462300996984,-95.42104535769624
29.713387621129915,-95.4210453577308
29.713312941262846,-95.42104535776537
29.713238261395777,-95.42104535779993
29.713163581528708,-95.42104535783449
29.71308890166164,-95.42104535786905
29.71301422179457,-95.42104535790361
29.7129395419275,-95.42104535793817
29.71286486206043,-95.42104535797274
29.712790182193363,-95.4210453580073
29.712715502326294,-95.42104535804187
29.712640822459225,-95.42104535807643
29.712566142592156,-95.421045358111
29.712491462725087,-95.42104535814556
29.712416782858018,-95.42104535818012
29.71234210299095,-95.42104535821468
29.71226742312388,-95.42104535824924
29.71219274325681,-95.4210453582838
29.71211806338974,-95.42104535831837
29.712043383522673,-95.42104535835293
29.711968703655604,-95.42104535838749
29.711968703655604,-95.42095855801071
29.712043383522673,-95.42095855797615
29.71211806338974,-95.42095855794159
29.71219274325681,-95.42095855790703
29.71226742312388,-95.42095855787247
29.71234210299095,-95.4209585578379
29.712416782858018,-95.42095855780335
29.712491462725087,-95.42095855776878
29.712566142592156,-95.42095855773422
29.712640822459225,-95.42095855769966
29.712715502326294,-95.4209585576651
29.712790182193363,-95.42095855763054
29.71286486206043,-95.42095855759598
29.7129395419275,-95.42095855756142
29.71301422179457,-95.42095855752686
29.71308890166164,-95.4209585574923
29.713163581528708,-95.42095855745774
29.713238261395777,-95.42095855742316
29.713312941262846,-95.4209585573886
29.713387621129915,-95.42095855735404
29.713462300996984,-95.42095855731947
29.713536980864053,-95.4209585572849
29.71361166073112,-95.42095855725034
29.71368634059819,-95.42095855721578
29.71376102046526,-95.42095855718122
29.71383570033233,-95.42095855714666
29.713910380199398,-95.4209585571121
29.713985060066467,-95.42095855707753
29.713985060066467,-95.42087175469614
29.713910380199398,-95.4208717547307
29.71383570033233,-95.42087175476527
29.71376102046526,-95.42087175479983
29.71368634059819,-95.4208717548344
29.71361166073112,-95.42087175486895
29.713536980864053,-95.42087175490352
29.713462300996984,-95.42087175493808
29.713387621129915,-95.42087175497264
29.713312941262846,-95.42087175500721
29.713238261395777,-95.42087175504177
29.713163581528708,-95.42087175507633
29.71308890166164,-95.42087175511091
29.71301422179457,-95.42087175514547
29.7129395419275,-95.42087175518003
29.71286486206043,-95.42087175521459
29.712790182193363,-95.42087175524915
29.712715502326294,-95.42087175528371
29.712640822459225,-95.42087175531827
29.712566142592156,-95.42087175535283
29.712491462725087,-95.4208717553874
29.712416782858018,-95.42087175542196
29.71234210299095,-95.42087175545652
29.71226742312388,-95.42087175549108
29.71219274325681,-95.42087175552564
29.71211806338974,-95.4208717555602
29.712043383522673,-95.42087175559476
29.711968703655604,-95.42087175562932
29.711968703655604,-95.42078495525257
29.712043383522673,-95.42078495521801
29.71211806338974,-95.42078495518345
29.71219274325681,-95.42078495514889
29.71226742312388,-95.42078495511433
29.71234210299095,-95.42078495507977
29.712416782858018,-95.4207849550452
29.712491462725087,-95.42078495501065
29.712566142592156,-95.42078495497609
29.712640822459225,-95.42078495494152
29.712715502326294,-95.42078495490695
29.712790182193363,-95.42078495487239
29.71286486206043,-95.42078495483783
29.7129395419275,-95.42078495480327
29.71301422179457,-95.42078495476869
29.71308890166164,-95.42078495473413
29.713163581528708,-95.42078495469957
29.713238261395777,-95.42078495466501
29.713312941262846,-95.42078495463045
29.713387621129915,-95.42078495459589
29.713462300996984,-95.42078495456133
29.713536980864053,-95.42078495452677
29.71361166073112,-95.4207849544922
29.71368634059819,-95.42078495445763
29.71376102046526,-95.42078495442307
29.71383570033233,-95.4207849543885
29.713910380199398,-95.42078495435393
29.713985060066467,-95.42078495431937
29.713985060066467,-95.42069815193798
29.713910380199398,-95.42069815197254
29.71383570033233,-95.4206981520071
29.71376102046526,-95.42069815204167
29.71368634059819,-95.42069815207624
29.71361166073112,-95.4206981521108
29.713536980864053,-95.42069815214538
29.713462300996984,-95.42069815217994
29.713387621129915,-95.4206981522145
29.713312941262846,-95.42069815224906
29.713238261395777,-95.42069815228362
29.713163581528708,-95.42069815231818
29.71308890166164,-95.42069815235274
29.71301422179457,-95.4206981523873
29.7129395419275,-95.42069815242186
29.71286486206043,-95.42069815245644
29.712790182193363,-95.420698152491
29.712715502326294,-95.42069815252556
29.712640822459225,-95.42069815256012
29.712566142592156,-95.4206981525947
29.712491462725087,-95.42069815262926
29.712416782858018,-95.42069815266382
29.71234210299095,-95.42069815269838
29.71226742312388,-95.42069815273294
29.71219274325681,-95.4206981527675
29.71211806338974,-95.42069815280206
29.712043383522673,-95.42069815283662
29.711968703655604,-95.42069815287118
29.711968703655604,-95.4206113524944
29.712043383522673,-95.42061135245984
29.71211806338974,-95.42061135242528
29.71219274325681,-95.42061135239072
29.71226742312388,-95.42061135235616
29.71234210299095,-95.4206113523216
29.712416782858018,-95.42061135228704
29.712491462725087,-95.42061135225248
29.712566142592156,-95.42061135221792
29.712640822459225,-95.42061135218336
29.712715502326294,-95.4206113521488
29.712790182193363,-95.42061135211424
29.71286486206043,-95.42061135207967
29.7129395419275,-95.42061135204511
29.71301422179457,-95.42061135201055
29.71308890166164,-95.42061135197599
29.713163581528708,-95.42061135194143
29.713238261395777,-95.42061135190686
29.713312941262846,-95.4206113518723
29.713387621129915,-95.42061135183774
29.713462300996984,-95.42061135180316
29.713536980864053,-95.4206113517686
29.71361166073112,-95.42061135173404
29.71368634059819,-95.42061135169948
29.71376102046526,-95.42061135166492
29.71383570033233,-95.42061135163036
29.713910380199398,-95.4206113515958
29.713985060066467,-95.42061135156122
29.713985060066467,-95.42052454917983
29.713910380199398,-95.42052454921439
29.71383570033233,-95.42052454924897
29.71376102046526,-95.42052454928353
29.71368634059819,-95.42052454931809
29.71361166073112,-95.42052454935265
29.713536980864053,-95.42052454938721
29.713462300996984,-95.42052454942177
29.713387621129915,-95.42052454945633
29.713312941262846,-95.4205245494909
29.713238261395777,-95.42052454952547
29.713163581528708,-95.42052454956003
29.71308890166164,-95.4205245495946
29.71301422179457,-95.42052454962916
29.7129395419275,-95.42052454966372
29.71286486206043,-95.42052454969829
29.712790182193363,-95.42052454973285
29.712715502326294,-95.4205245497674
29.712640822459225,-95.42052454980197
29.712566142592156,-95.42052454983653
29.712491462725087,-95.42052454987109
29.712416782858018,-95.42052454990565
29.71234210299095,-95.42052454994021
29.71226742312388,-95.42052454997477
29.71219274325681,-95.42052455000933
29.71211806338974,-95.4205245500439
29.712043383522673,-95.42052455007845
29.711968703655604,-95.42052455011302
29.711968703655604,-95.42043774973627
29.712043383522673,-95.4204377497017
29.71211806338974,-95.42043774966714
29.71219274325681,-95.42043774963258
29.71226742312388,-95.42043774959802
29.71234210299095,-95.42043774956346
29.712416782858018,-95.4204377495289
29.712491462725087,-95.42043774949434
29.712566142592156,-95.42043774945978
29.712640822459225,-95.42043774942522
29.712715502326294,-95.42043774939064
29.712790182193363,-95.42043774935608
29.71286486206043,-95.42043774932152
29.7129395419275,-95.42043774928696
29.71301422179457,-95.42043774925239
29.71308890166164,-95.42043774921783
29.713163581528708,-95.42043774918326
29.713238261395777,-95.4204377491487
29.713312941262846,-95.42043774911414
29.713387621129915,-95.42043774907958
29.713462300996984,-95.42043774904502
29.713536980864053,-95.42043774901046
29.71361166073112,-95.4204377489759
29.71368634059819,-95.42043774894132
29.71376102046526,-95.42043774890676
29.71383570033233,-95.42043774887219
29.713910380199398,-95.42043774883763
29.713985060066467,-95.42043774880307
29.713985060066467,-95.42035094642168
29.713910380199398,-95.42035094645624
29.71383570033233,-95.4203509464908
29.71376102046526,-95.42035094652536
29.71368634059819,-95.42035094655994
29.71361166073112,-95.4203509465945
29.713536980864053,-95.42035094662907
29.713462300996984,-95.42035094666363
29.713387621129915,-95.42035094669819
29.713312941262846,-95.42035094673275
29.713238261395777,-95.42035094676731
29.713163581528708,-95.42035094680188
29.71308890166164,-95.42035094683644
29.71301422179457,-95.420350946871
29.7129395419275,-95.42035094690556
29.71286486206043,-95.42035094694013
29.712790182193363,-95.4203509469747
29.712715502326294,-95.42035094700925
29.712640822459225,-95.42035094704381
29.712566142592156,-95.42035094707839
29.712491462725087,-95.42035094711295
29.712416782858018,-95.42035094714751
29.71234210299095,-95.42035094718207
29.71226742312388,-95.42035094721663
29.71219274325681,-95.4203509472512
29.71211806338974,-95.42035094728575
29.712043383522673,-95.42035094732032
29.711968703655604,-95.42035094735488
29.711968703655604,-95.4202641469781
29.712043383522673,-95.42026414694354
29.71211806338974,-95.42026414690898
29.71219274325681,-95.42026414687442
29.71226742312388,-95.42026414683986
29.71234210299095,-95.4202641468053
29.712416782858018,-95.42026414677073
29.712491462725087,-95.42026414673617
29.712566142592156,-95.42026414670161
29.712640822459225,-95.42026414666705
29.712715502326294,-95.42026414663249
29.712790182193363,-95.42026414659793
29.71286486206043,-95.42026414656337
29.7129395419275,-95.42026414652881
29.71301422179457,-95.42026414649425
29.71308890166164,-95.42026414645969
29.713163581528708,-95.42026414642513
29.713238261395777,-95.42026414639055
29.713312941262846,-95.42026414635599
29.713387621129915,-95.42026414632143
29.713462300996984,-95.42026414628685
29.713536980864053,-95.4202641462523
29.71361166073112,-95.42026414621773
29.71368634059819,-95.42026414618317
29.71376102046526,-95.42026414614861
29.71383570033233,-95.42026414611405
29.713910380199398,-95.42026414607949
29.713985060066467,-95.42026414604491
29.713985060066467,-95.42017734366352
29.713910380199398,-95.42017734369809
29.71383570033233,-95.42017734373266
29.71376102046526,-95.42017734376722
29.71368634059819,-95.42017734380178
29.71361166073112,-95.42017734383634
29.713536980864053,-95.4201773438709
29.713462300996984,-95.42017734390546
29.713387621129915,-95.42017734394003
29.713312941262846,-95.4201773439746
29.713238261395777,-95.42017734400916
29.713163581528708,-95.42017734404372
29.71308890166164,-95.4201773440783
29.71301422179457,-95.42017734411286
29.7129395419275,-95.42017734414742
29.71286486206043,-95.42017734418198
29.712790182193363,-95.42017734421654
29.712715502326294,-95.4201773442511
29.712640822459225,-95.42017734428566
29.712566142592156,-95.42017734432022
29.712491462725087,-95.42017734435478
29.712416782858018,-95.42017734438934
29.71234210299095,-95.4201773444239
29.71226742312388,-95.42017734445847
29.71219274325681,-95.42017734449303
29.71211806338974,-95.42017734452759
29.712043383522673,-95.42017734456215
29.711968703655604,-95.42017734459671
29.711968703655604,-95.42009054421996
29.712043383522673,-95.4200905441854
29.71211806338974,-95.42009054415084
29.71219274325681,-95.42009054411628
29.71226742312388,-95.42009054408172
29.71234210299095,-95.42009054404716
29.712416782858018,-95.4200905440126
29.712491462725087,-95.42009054397803
29.712566142592156,-95.42009054394347
29.712640822459225,-95.42009054390891
29.712715502326294,-95.42009054387434
29.712790182193363,-95.42009054383978
29.71286486206043,-95.42009054380522
29.7129395419275,-95.42009054377066
29.71301422179457,-95.42009054373608
29.71308890166164,-95.42009054370152
29.713163581528708,-95.42009054366696
29.713238261395777,-95.4200905436324
29.713312941262846,-95.42009054359784
29.713387621129915,-95.42009054356328
29.713462300996984,-95.42009054352872
29.713536980864053,-95.42009054349415
29.71361166073112,-95.4200905434596
29.71368634059819,-95.42009054342502
29.71376102046526,-95.42009054339046
29.71383570033233,-95.42009054335588
29.713910380199398,-95.42009054332132
29.713985060066467,-95.42009054328676
29.713985060066467,-95.42000374090537
29.713910380199398,-95.42000374093993
29.71383570033233,-95.4200037409745
29.71376102046526,-95.42000374100905
29.71368634059819,-95.42000374104363
29.71361166073112,-95.42000374107819
29.713536980864053,-95.42000374111277
29.713462300996984,-95.42000374114733
29.713387621129915,-95.42000374118189
29.713312941262846,-95.42000374121645
29.713238261395777,-95.42000374125101
29.713163581528708,-95.42000374128557
29.71308890166164,-95.42000374132013
29.71301422179457,-95.42000374135469
29.7129395419275,-95.42000374138925
29.71286486206043,-95.42000374142383
29.712790182193363,-95.42000374145839
29.712715502326294,-95.42000374149295
29.712640822459225,-95.42000374152751
29.712566142592156,-95.42000374156208
29.712491462725087,-95.42000374159664
29.712416782858018,-95.4200037416312
29.71234210299095,-95.42000374166577
29.71226742312388,-95.42000374170033
29.71219274325681,-95.42000374173489
29.71211806338974,-95.42000374176945
29.712043383522673,-95.42000374180401
29.711968703655604,-95.42000374183857
29.711968703655604,-95.41991694146179
29.712043383522673,-95.41991694142723
29.71211806338974,-95.41991694139267
29.71219274325681,-95.41991694135811
29.71226742312388,-95.41991694132355
29.71234210299095,-95.41991694128899
29.712416782858018,-95.41991694125443
29.712491462725087,-95.41991694121987
29.712566142592156,-95.4199169411853
29.712640822459225,-95.41991694115075
29.712715502326294,-95.41991694111618
29.712790182193363,-95.41991694108162
29.71286486206043,-95.41991694104706
29.7129395419275,-95.4199169410125
29.71301422179457,-95.41991694097794
29.71308890166164,-95.41991694094338
29.713163581528708,-95.41991694090882
29.713238261395777,-95.41991694087424
29.713312941262846,-95.41991694083968
29.713387621129915,-95.41991694080512
29.713462300996984,-95.41991694077055
29.713536980864053,-95.41991694073599
29.71361166073112,-95.41991694070143
29.71368634059819,-95.41991694066687
29.71376102046526,-95.4199169406323
29.71383570033233,-95.41991694059774
29.713910380199398,-95.41991694056318
29.713985060066467,-95.41991694052861
0,0